====================================================================================================
NQS Magnetization Data for TFIM with OBC
====================================================================================================
Generated: 2025-12-08T11:57:43.838125
Description: NQS magnetization data for TFIM with OBC at various transverse fields
Method: Neural Quantum States (NQS) with VMC (RBM with complex parameters)
Boundary Conditions: OBC
J coupling: 1.0


====================================================================================================
System Size: L = 5
====================================================================================================
h        E                    E_err           VarH            Mz              Mz_err          Mx              Mx_err         
----------------------------------------------------------------------------------------------------
0.60     -4.696057741900      0.0000333779    0.0000112681    -0.0000786164   0.0093971996    0.5052110712    0.0101950000   
0.70     -4.971339186700      0.0000070554    0.0000905318    0.0063679245    0.0089213649    0.5744706751    0.0092695368   
0.80     -5.290042435300      0.0000060899    0.0000730654    -0.0071540881   0.0060823555    0.6930884390    0.0089503135   
0.85     -5.463315222100      0.0000215674    0.0001355277    -0.0098270440   0.0059971651    0.6900364341    0.0084803706   
0.90     -5.644463868700      0.0000662016    0.0002712606    -0.0044811321   0.0064100807    0.7468130749    0.0077768739   
0.95     -5.832498262500      0.0000652264    0.0001755844    0.0103773585    0.0050243784    0.7537963903    0.0071557295   
1.00     -6.026672328230      0.0000466657    0.0004865332    -0.0018081761   0.0063569911    0.7915867948    0.0067990975   
1.05     -6.226123274150      0.0000743843    0.0008025488    -0.0053459119   0.0052759910    0.7957873686    0.0065892130   
1.10     -6.430156682000      0.0000817100    0.0010468318    0.0076257862    0.0050644979    0.8352857775    0.0064846135   
1.15     -6.638408809500      0.0000824672    0.0003102183    0.0076257862    0.0052749109    0.8447574522    0.0065008404   
1.20     -6.850200106500      0.0000930631    0.0000892214    -0.0037735849   0.0046283604    0.8522608144    0.0057256658   
1.30     -7.282711749800      0.0000498749    0.0007532327    0.0013364780    0.0054789391    0.8754365440    0.0049898259   
1.40     -7.725204336100      0.0000737879    0.0009959467    -0.0024371069   0.0050179097    0.8887533598    0.0038518321   

====================================================================================================
System Size: L = 10
====================================================================================================
h        E                    E_err           VarH            Mz              Mz_err          Mx              Mx_err         
----------------------------------------------------------------------------------------------------
0.60     -10.114831872800     0.0008532045    0.0075557596    0.0022405660    0.0025123910    0.3915181004    0.0072959040   
0.70     -10.545167062600     0.0007079874    0.0035802915    0.0028694969    0.0027379180    0.4754551329    0.0080384078   
0.80     -11.066884539100     0.0006673253    0.0061200870    0.0010613208    0.0029335084    0.5710079730    0.0074093274   
0.85     -11.364137401500     0.0006046554    0.0004549897    -0.0001572327   0.0028885046    0.6252943743    0.0078178477   
0.90     -11.682320777400     0.0006101139    0.0134112794    0.0012578616    0.0031533227    0.6587973470    0.0074608619   
0.95     -12.023331752300     0.0004095865    0.0015213172    -0.0014544025   0.0032349314    0.7022656396    0.0065123768   
1.00     -12.381241613400     0.0003776411    0.0024259722    -0.0069968553   0.0033441899    0.7283757337    0.0063581002   
1.05     -12.754860813600     0.0004157844    0.0003940601    -0.0027122642   0.0030939820    0.7592979152    0.0047118104   
1.10     -13.141580715900     0.0003251827    0.0005822293    0.0015330189    0.0032927857    0.7859913287    0.0057852905   
1.15     -13.539031378200     0.0003379543    0.0082254962    0.0045597484    0.0035724695    0.8083912984    0.0046034333   
1.20     -13.947604907500     0.0003481583    -0.0039245598   -0.0068789308   0.0032376171    0.8246104194    0.0049086621   
1.30     -14.786066790300     0.0003321520    0.0056354356    -0.0006682390   0.0033511205    0.8500772229    0.0041647689   
1.40     -15.651056294680     0.0002671346    0.0054964304    0.0034198113    0.0036694043    0.8728261494    0.0035124219   

====================================================================================================
System Size: L = 20
====================================================================================================
h        E                    E_err           VarH            Mz              Mz_err          Mx              Mx_err         
----------------------------------------------------------------------------------------------------
0.60     -21.033415798995     0.0017650815    0.0076108909    -0.0001375786   0.0014241404    0.3430972433    0.0047247125   
0.70     -21.799600000000     0.0010000000    0.0055000000    0.0033030063    0.0017049962    0.4167844350    0.0053535972   
0.80     -22.712306039700     0.0014332965    0.0304311174    0.0000197785    0.0016549028    0.5075086449    0.0056359671   
0.85     -23.237505515800     0.0012905378    0.0069076823    -0.0042919304   0.0017645281    0.5422890437    0.0048933332   
0.90     -23.807356417300     0.0011608903    0.0252927958    -0.0000593354   0.0021807387    0.5871790837    0.0056047160   
0.95     -24.433158259800     0.0013667777    0.0170575255    -0.0016902516   0.0019046179    0.6534664559    0.0046392237   
1.00     -25.106343187700     0.0010678553    0.0132117365    0.0005503145    0.0022727328    0.6911662160    0.0045222532   
1.05     -25.820089841100     0.0009199417    0.0221434644    -0.0029088050   0.0019539597    0.7338519870    0.0042399863   
1.10     -26.569112056900     0.0008367025    0.0061587706    0.0001572327    0.0022188528    0.7528555795    0.0037996469   
1.15     -27.344695103400     0.0007968578    0.0047560469    0.0022602201    0.0021354544    0.7906396012    0.0032340290   
1.20     -28.143654701600     0.0010147455    0.0016332350    0.0011718750    0.0024629045    0.8051392584    0.0043995101   
1.30     -29.794718073321     0.0010970605    0.0030751990    0.0014648438    0.0030581476    0.8431947131    0.0036794590   
1.40     -31.501700000000     0.0010000000    0.0032000000    -0.0057617187   0.0030600095    0.8676170486    0.0035922387   
